1.026933
1.025193
1.023577
1.022077
1.020682
1.019385
1.018177
1.017052
1.016002
1.015023
1.014107
1.013250
1.012448
1.011696
1.010989
1.010325
1.009700
1.009111
1.008555
1.008029
1.007531
1.007058
1.006609
1.006182
1.005774
1.005385
1.005012
1.004655
1.004312
1.003981
1.003663
1.003355
1.003057
1.002768
1.002487
1.002214
1.001947
1.001687
1.001432
1.001182
1.000937
1.000695
1.000458
1.000224
0.999992
0.999763
0.999537
0.999312
0.999089
0.998868
0.998647
0.998428
0.998210
0.997992
0.997775
0.997558
0.997342
0.997125
0.996908
0.996692
0.996474
0.996257
0.996039
0.995821
0.995602
0.995382
0.995161
0.994940
0.994718
0.994495
0.994271
0.994046
0.993820
0.993593
0.993364
0.993135
0.992904
0.992672
0.992439
0.992205
0.991969
0.991732
0.991494
0.991255
0.991014
0.990771
0.990528
0.990283
0.990036
0.989788
0.989539
0.989288
0.989036
0.988782
0.988527
0.988270
0.988012
0.987753
0.987492
0.987229
0.986965
0.986699
0.986432
0.986163
0.985893
0.985621
0.985348
0.985073
0.984796
0.984518
0.984239
0.983957
0.983675
0.983390
0.983104
0.982817
0.982527
0.982237
0.981944
0.981650
0.981354
0.981057
0.980758
0.980458
0.980155
0.979851
0.979546
0.979238
0.978929
0.978619
0.978306
0.977992
0.977677
0.977359
0.977040
0.976719
0.976396
0.976072
0.975746
0.975418
0.975088
0.974757
0.974423
0.974088
0.973752
0.973413
0.973072
0.972730
0.972386
0.972040
0.971692
0.971342
0.970991
0.970637
0.970282
0.969925
0.969566
0.969205
0.968842
0.968477
0.968110
0.967741
0.967370
0.966998
0.966623
0.966246
0.965867
0.965487
0.965104
0.964719
0.964332
0.963943
0.963552
0.963159
0.962764
0.962367
0.961968
0.961566
0.961163
0.960757
0.960349
0.959939
0.959527
0.959112
0.958696
0.958277
0.957856
0.957433
0.957007
0.956580
0.956150
0.955717
0.955283
0.954846
0.954407
0.953966
0.953522
0.953076
0.952627
0.952177
0.951723
0.951268
0.950810
0.950350
0.949887
0.949422
0.948954
0.948484
0.948012
0.947537
0.947059
0.946579
0.946097
0.945612
0.945124
0.944634
0.944142
0.943647
0.943149
0.942649
0.942146
0.941641
0.941133
0.940622
0.940109
0.939593
0.939075
0.938553
0.938030
0.937503
0.936974
0.936442
0.935907
0.935370
0.934830
0.934287
0.933742
0.933194
0.932643
0.932089
0.931533
0.930973
0.930411
0.929846
0.929279
0.928708
0.928135
0.927559
0.926980
0.926398
0.925813
0.925226
0.924635
0.924042
0.923446
0.922847
0.922245
0.921640
0.921032
0.920421
0.919808
0.919191
0.918571
0.917949
0.917324
0.916695
0.916064
0.915430
0.914792
0.914152
0.913509
0.912863
0.912214
0.911561
0.910906
0.910248
0.909587
0.908923
0.908256
0.907585
0.906912
0.906236
0.905556
0.904874
0.904189
0.903500
0.902809
0.902114
0.901417
0.900716
0.900012
0.899306
0.898596
0.897883
0.897167
0.896448
0.895726
0.895001
0.894273
0.893541
0.892807
0.892070
0.891329
0.890586
0.889839
0.889089
0.888336
0.887580
0.886821
0.886059
0.885294
0.884526
0.883755
0.882980
0.882203
0.881422
0.880638
0.879851
0.879061
0.878268
0.877472
0.876673
0.875871
0.875065
0.874256
0.873445
0.872630
0.871812
0.870991
0.870167
0.869339
0.868509
0.867675
0.866839
0.865999
0.865156
0.864310
0.863461
0.862608
0.861753
0.860894
0.860032
0.859167
0.858299
0.857427
0.856552
0.855675
0.854794
0.853909
0.853022
0.852131
0.851237
0.850340
0.849440
0.848536
0.847629
0.846719
0.845806
0.844889
0.843969
0.843046
0.842119
0.841189
0.840256
0.839320
0.838380
0.837436
0.836490
0.835539
0.834586
0.833629
0.832669
0.831705
0.830738
0.829767
0.828793
0.827815
0.826834
0.825850
0.824862
0.823870
0.822875
0.821876
0.820874
0.819868
0.818858
0.817845
0.816828
0.815808
0.814784
0.813756
0.812725
0.811690
0.810652
0.809609
0.808563
0.807514
0.806460
0.805403
0.804342
0.803278
0.802209
0.801137
0.800062
0.798982
0.797899
0.796812
0.795722
0.794627
0.793529
0.792428
0.791322
0.790213
0.789101
0.787984
0.786864
0.785740
0.784613
0.783482
0.782348
0.781210
0.780068
0.778923
0.777775
0.776623
0.775468
0.774309
0.773147
0.771982
0.770814
0.769642
0.768467
0.767289
0.766108
0.764924
0.763737
0.762547
0.761354
0.760158
0.758960
0.757759
0.756555
0.755349
0.754140
0.752929
0.751716
0.750500
0.749282
0.748062
0.746840
0.745616
0.744390
0.743162
0.741933
0.740702
0.739469
0.738235
0.736999
0.735762
0.734524
0.733284
0.732044
0.730802
0.729560
0.728316
0.727072
0.725827
0.724582
0.723336
0.722090
0.720843
0.719596
0.718349
0.717101
0.715854
0.714606
0.713359
0.712111
0.710864
0.709617
0.708370
0.707124
0.705878
0.704633
0.703388
0.702143
0.700899
0.699656
0.698413
0.697171
0.695930
0.694689
0.693449
0.692210
0.690972
0.689734
0.688497
0.687261
0.686025
0.684790
0.683556
0.682323
0.681090
0.679857
0.678626
0.677395
0.676164
0.674933
0.673703
0.672474
0.671244
0.670015
0.668786
0.667556
0.666327
0.665097
0.663867
0.662636
0.661405
0.660173
0.658940
0.657706
0.656471
0.655235
0.653997
0.652758
0.651517
0.650274
0.649029
0.647781
0.646531
0.645278
0.644022
0.642763
0.641500
0.640234
0.638964
0.637689
0.636410
0.635127
0.633839
0.632545
0.631246
0.629941
0.628630
0.627312
0.625988
0.624657
0.623318
0.621972
0.620617
0.619255
0.617883
0.616503
0.615113
0.613713
0.612303
0.610882
0.609451
0.608008
0.606554
0.605087
0.603609
0.602117
0.600612
0.599093
0.597561
0.596014
0.594452
0.592875
0.591283
0.589675
0.588050
0.586409
0.584751
0.583075
0.581382
0.579670
0.577941
0.576192
0.574425
0.572638
0.570832
0.569006
0.567160
0.565294
0.563408
0.561500
0.559572
0.557623
0.555653
0.553662
0.551650
0.549616
0.547561
0.545485
0.543388
0.541270
0.539131
0.536970
0.534789
0.532588
0.530366
0.528124
0.525863
0.523581
0.521281
0.518962
0.516625
0.514270
0.511898
0.509508
0.507102
0.504681
0.502244
0.499792
0.497326
0.494847
0.492355
0.489851
0.487336
0.484810
0.482274
0.479728
0.477175
0.474613
0.472045
0.469470
0.466890
0.464305
0.461716
0.459124
0.456530
0.453934
0.451338
0.448741
0.446145
0.443551
0.440958
0.438369
0.435783
0.433201
0.430624
0.428052
0.425487
0.422928
0.420377
0.417834
0.415299
0.412773
0.410257
0.407751
0.405256
0.402772
0.400299
0.397838
0.395389
0.392953
0.390530
0.388120
0.385725
0.383343
0.380975
0.378622
0.376284
0.373961
0.371654
0.369361
0.367085
0.364824
0.362580
0.360351
0.358139
0.355943
0.353764
0.351601
0.349454
0.347325
0.345212
0.343116
0.341037
0.338974
0.336929
0.334900
0.332888
0.330893
0.328914
0.326952
0.325007
0.323079
0.321167
0.319272
0.317393
0.315530
0.313684
0.311854
0.310040
0.308242
0.306460
0.304694
0.302943
0.301208
0.299489
0.297785
0.296097
0.294423
0.292765
0.291121
0.289492
0.287878
0.286279
0.284694
0.283123
0.281567
0.280024
0.278496
0.276981
0.275480
0.273992
0.272518
0.271057
0.269609
0.268174
0.266752
0.265343
0.263947
0.262563
0.261191
0.259831
0.258484
0.257149
0.255825
0.254513
0.253213
0.251924
0.250647
0.249381
0.248126
0.246881
0.245648
0.244426
0.243214
0.242013
0.240822
0.239641
0.238471
0.237310
0.236160
0.235019
0.233888
0.232767
0.231655
0.230553
0.229460
0.228376
0.227301
0.226235
0.225178
0.224130
0.223091
0.222060
0.221038
0.220024
0.219018
0.218021
0.217032
0.216051
0.215077
0.214112
0.213155
0.212205
0.211262
0.210328
0.209401
0.208481
0.207568
0.206663
0.205764
0.204873
0.203989
0.203111
0.202241
0.201377
0.200520
0.199669
0.198825
0.197988
0.197157
0.196332
0.195513
0.194701
0.193895
0.193094
0.192300
0.191512
0.190730
0.189953
0.189182
0.188417
0.187657
0.186903
0.186155
0.185412
0.184674
0.183942
0.183215
0.182493
0.181777
0.181065
0.180359
0.179657
0.178961
0.178269
0.177583
0.176901
0.176224
0.175552
0.174884
0.174221
0.173562
0.172909
0.172259
0.171614
0.170974
0.170338
0.169706
0.169078
0.168455
0.167836
0.167221
0.166610
0.166003
0.165400
0.164801
0.164207
0.163616
0.163029
0.162446
0.161866
0.161291
0.160719
0.160151
0.159586
0.159026
0.158468
0.157915
0.157365
0.156818
0.156275
0.155735
0.155199
0.154666
0.154136
0.153610
0.153087
0.152567
0.152051
0.151538
0.151028
0.150521
0.150017
0.149516
0.149018
0.148524
0.148032
0.147543
0.147057
0.146575
0.146095
0.145618
0.145143
0.144672
0.144203
0.143738
0.143275
0.142814
0.142357
0.141902
0.141449
0.141000
0.140553
0.140108
0.139667
0.139227
0.138791
0.138356
0.137925
0.137495
0.137068
0.136644
0.136222
0.135802
0.135385
0.134970
0.134558
0.134147
0.133739
0.133334
0.132930
0.132529
0.132130
0.131733
0.131338
0.130946
0.130556
0.130167
0.129781
0.129397
0.129016
0.128636
0.128258
0.127882
0.127508
0.127137
0.126767
0.126399
0.126033
0.125670
0.125308
0.124948
0.124589
0.124233
0.123879
0.123526
0.123176
0.122827
0.122480
0.122134
0.121791
0.121449
0.121109
0.120771
0.120435
0.120100
0.119767
0.119435
0.119106
0.118778
0.118451
0.118127
0.117804
0.117482
0.117162
0.116844
0.116527
0.116212
0.115899
0.115587
0.115276
0.114968
0.114660
0.114354
0.114050
0.113747
0.113446
0.113146
0.112847
0.112550
0.112254
0.111960
0.111668
0.111376
0.111086
0.110798
0.110510
0.110225
0.109940
0.109657
0.109375
0.109095
0.108816
0.108538
0.108261
0.107986
0.107712
0.107439
0.107168
0.106898
0.106629
0.106361
0.106095
0.105830
0.105566
0.105303
0.105041
0.104781
0.104522
0.104264
0.104007
0.103751
0.103497
0.103243
0.102991
0.102740
0.102490
0.102241
0.101994
0.101747
0.101501
0.101257
0.101014
0.100771
0.100530
0.100290
0.100051
0.099813
0.099576
0.099340
0.099105
0.098871
0.098638
0.098406
0.098175
0.097945
0.097716
0.097489
0.097262
0.097036
0.096811
0.096587
0.096363
0.096141
0.095920
0.095700
0.095481
0.095262
0.095045
0.094828
0.094612
0.094398
0.094184
0.093971
0.093759
0.093548
0.093337
0.093128
0.092919
0.092712
0.092505
0.092299
0.092093
0.091889
0.091686
0.091483
0.091281
0.091080
0.090880
0.090681
0.090482
0.090284
0.090087
0.089891
0.089696
0.089501
0.089307
0.089114
0.088922
0.088730
0.088540
0.088350
0.088160
0.087972
0.087784
0.087597
0.087411
0.087225
0.087040
0.086856
0.086673
0.086490
0.086308
0.086127
0.085946
0.085766
0.085587
0.085409
0.085231
0.085054
0.084878
0.084702
0.084527
0.084352
0.084179
0.084006
0.083833
0.083661
0.083490
0.083320
0.083150
0.082981
0.082812
0.082644
0.082477
0.082310
0.082144
0.081979
0.081814
0.081650
0.081486
0.081323
0.081161
0.080999
0.080838
0.080678
0.080518
0.080358
0.080199
0.080041
0.079883
0.079726
0.079570
0.079414
0.079258
0.079104
0.078949
0.078796
0.078643
0.078490
0.078338
0.078186
0.078035
0.077885
0.077735
0.077586
0.077437
0.077289
0.077141
0.076994
0.076847
0.076701
0.076555
0.076410
0.076265
0.076121
0.075977
0.075834
0.075692
0.075550
0.075408
0.075267
0.075126
0.074986
0.074846
0.074707
0.074568
0.074430
0.074292
0.074155
0.074018
0.073882
0.073746
0.073610
0.073475
0.073341
0.073207
0.073073
0.072940
0.072807
0.072675
0.072543
0.072412
0.072281
0.072150
0.072020
0.071891
0.071762
0.071633
0.071505
0.071377
0.071249
0.071122
0.070996
0.070869
0.070744
0.070618
0.070493
0.070369
0.070245
0.070121
0.069997
0.069875
0.069752
0.069630
0.069508
0.069387
0.069266
0.069145
0.069025
0.068905
0.068786
0.068667
0.068548
0.068430
0.068312
0.068195
0.068078
0.067961
0.067845
0.067729
0.067613
0.067498
0.067383
0.067268
0.067154
0.067040
0.066927
0.066814
0.066701
0.066589
0.066477
0.066365
0.066254
0.066143
0.066032
0.065922
0.065812
0.065702
0.065593
0.065484
0.065376
0.065267
0.065159
0.065052
0.064945
0.064838
0.064731
0.064625
0.064519
0.064413
0.064308
0.064203
0.064098
0.063994
0.063890
0.063786
0.063683
0.063580
0.063477
0.063375
0.063272
0.063171
0.063069
0.062968
0.062867
0.062766
0.062666
0.062566
0.062466
0.062367
0.062268
0.062169
0.062070
0.061972
0.061874
0.061776
0.061679
0.061582
0.061485
0.061388
0.061292
0.061196
0.061101
0.061005
0.060910
0.060815
0.060721
0.060626
0.060532
0.060438
0.060345
0.060252
0.060159
0.060066
0.059974
0.059882
0.059790
0.059698
0.059607
0.059516
0.059425
0.059334
0.059244
0.059154
0.059064
0.058974
0.058885
0.058796
0.058707
0.058619
0.058530
0.058442
0.058355
0.058267
0.058180
0.058093
0.058006
0.057919
0.057833
0.057747
0.057661
0.057575
0.057490
0.057405
0.057320
0.057235
0.057151
0.057067
0.056983
0.056899
0.056815
0.056732
0.056649
0.056566
0.056484
0.056401
0.056319
0.056237
0.056155
0.056074
0.055993
0.055912
0.055831
0.055750
0.055670
0.055590
0.055510
0.055430
0.055351
0.055271
0.055192
0.055113
0.055035
0.054956
0.054878
0.054800
0.054722
0.054644
0.054567
0.054490
0.054413
0.054336
0.054259
0.054183
0.054107
0.054031
0.053955
0.053879
0.053804
0.053729
0.053654
0.053579
0.053504
0.053430
0.053356
0.053282
0.053208
0.053134
0.053061
0.052987
0.052914
0.052841
0.052769
0.052696
0.052624
0.052552
0.052480
0.052408
0.052337
0.052265
0.052194
0.052123
0.052052
0.051981
0.051911
0.051841
0.051770
0.051700
0.051631
0.051561
0.051492
0.051422
0.051353
0.051284
0.051216
0.051147
0.051079
0.051011
0.050943
0.050875
0.050807
0.050739
0.050672
0.050605
0.050538
0.050471
0.050404
0.050338
0.050271
0.050205
0.050139
0.050073
0.050008
0.049942
0.049877
0.049812
0.049746
0.049682
0.049617
0.049552
0.049488
0.049424
0.049359
0.049295
0.049232
0.049168
0.049105
0.049041
0.048978
0.048915
0.048852
0.048789
0.048727
0.048664
0.048602
0.048540
0.048478
0.048416
0.048355
0.048293
0.048232
0.048170
0.048109
0.048048
0.047988
0.047927
0.047866
0.047806
0.047746
0.047686
0.047626
0.047566
0.047506
0.047447
0.047387
0.047328
0.047269
0.047210
0.047151
0.047093
0.047034
0.046976
0.046918
0.046859
0.046801
0.046744
0.046686
0.046628
0.046571
0.046513
0.046456
0.046399
0.046342
0.046286
0.046229
0.046172
0.046116
0.046060
0.046004
0.045947
0.045892
0.045836
0.045780
0.045725
0.045669
0.045614
0.045559
0.045504
0.045449
0.045394
0.045340
0.045285
0.045231
0.045177
0.045123
0.045068
0.045015
0.044961
0.044907
0.044854
0.044800
0.044747
0.044694
0.044641
0.044588
0.044535
0.044482
0.044430
0.044377
0.044325
0.044273
0.044221
0.044169
0.044117
0.044065
0.044013
0.043962
0.043911
0.043859
0.043808
0.043757
0.043706
0.043655
0.043604
0.043554
0.043503
0.043453
0.043403
0.043352
0.043302
0.043252
0.043202
0.043153
0.043103
0.043054
0.043004
0.042955
0.042906
0.042857
0.042808
0.042759
0.042710
0.042661
0.042613
0.042564
0.042516
0.042467
0.042419
0.042371
0.042323
0.042275
0.042228
0.042180
0.042132
0.042085
0.042038
0.041990
0.041943
0.041896
0.041849
0.041802
0.041756
0.041709
0.041663
0.041616
0.041570
0.041523
0.041477
0.041431
0.041385
0.041339
0.041294
0.041248
0.041202
0.041157
0.041112
0.041066
0.041021
0.040976
0.040931
0.040886
0.040841
0.040796
0.040752
0.040707
0.040663
0.040618
0.040574
0.040530
0.040486
0.040442
0.040398
0.040354
0.040310
0.040267
0.040223
0.040180
0.040136
0.040093
0.040050
0.040007
0.039964
0.039921
0.039878
0.039835
0.039793
0.039750
0.039708
0.039665
0.039623
0.039581
0.039538
0.039496
0.039454
0.039413
0.039371
0.039329
0.039287
0.039246
0.039204
0.039163
0.039122
0.039080
0.039039
0.038998
0.038957
0.038916
0.038875
0.038835
0.038794
0.038753
0.038713
0.038673
0.038632
0.038592
0.038552
0.038512
0.038472
0.038432
0.038392
0.038352
0.038312
0.038273
0.038233
0.038194
0.038154
0.038115
0.038076
0.038037
0.037997
0.037958
0.037920
0.037881
0.037842
0.037803
0.037765
0.037726
0.037687
0.037649
0.037611
0.037572
0.037534
0.037496
0.037458
0.037420
0.037382
0.037344
0.037307
0.037269
0.037231
0.037194
0.037156
0.037119
0.037082
0.037044
0.037007
0.036970
0.036933
0.036896
0.036859
0.036822
0.036786
0.036749
0.036712
0.036676
0.036639
0.036603
0.036567
0.036530
0.036494
0.036458
0.036422
0.036386
0.036350
0.036314
0.036278
0.036243
0.036207
0.036171
0.036136
0.036100
0.036065
0.036030
0.035994
0.035959
0.035924
0.035889
0.035854
0.035819
0.035784
0.035749
0.035715
0.035680
0.035645
0.035611
0.035576
0.035542
0.035507
0.035473
0.035439
0.035405
0.035371
0.035337
0.035303
0.035269
0.035235
0.035201
0.035167
0.035134
0.035100
0.035066
0.035033
0.034999
0.034966
0.034933
0.034900
0.034866
0.034833
0.034800
0.034767
0.034734
0.034701
0.034668
0.034636
0.034603
0.034570
0.034538
0.034505
0.034473
0.034440
0.034408
0.034376
0.034343
0.034311
0.034279
0.034247
0.034215
0.034183
0.034151
0.034119
0.034087
0.034056
0.034024
0.033992
0.033961
0.033929
0.033898
0.033866
0.033835
0.033804
0.033772
0.033741
0.033710
0.033679
0.033648
0.033617
0.033586
0.033555
0.033525
0.033494
0.033463
0.033432
0.033402
0.033371
0.033341
0.033310
0.033280
0.033250
0.033219
0.033189
0.033159
0.033129
0.033099
0.033069
0.033039
0.033009
0.032979
0.032949
0.032920
0.032890
0.032860
0.032831
0.032801
0.032772
0.032742
0.032713
0.032683
0.032654
0.032625
0.032596
0.032567
0.032537
0.032508
0.032479
0.032451
0.032422
0.032393
0.032364
0.032335
0.032307
0.032278
0.032249
0.032221
0.032192
0.032164
0.032135
0.032107
0.032079
0.032050
0.032022
0.031994
0.031966
0.031938
0.031910
0.031882
0.031854
0.031826
0.031798
0.031770
0.031742
0.031715
0.031687
0.031660
0.031632
0.031604
0.031577
0.031550
0.031522
0.031495
0.031467
0.031440
0.031413
0.031386
0.031359
0.031332
0.031305
0.031278
0.031251
0.031224
0.031197
0.031170
0.031143
0.031117
0.031090
0.031063
0.031037
0.031010
0.030984
0.030957
0.030931
0.030905
0.030878
0.030852
0.030826
0.030799
0.030773
0.030747
0.030721
0.030695
0.030669
0.030643
0.030617
0.030591
0.030566
0.030540
0.030514
0.030488
0.030463
0.030437
0.030412
0.030386
0.030360
0.030335
0.030310
0.030284
0.030259
0.030234
0.030208
0.030183
0.030158
0.030133
0.030108
0.030083
0.030058
0.030033
0.030008
0.029983
0.029958
0.029933
0.029909
0.029884
0.029859
0.029834
0.029810
0.029785
0.029761
0.029736
0.029712
0.029687
0.029663
0.029639
0.029614
0.029590
0.029566
0.029542
0.029517
0.029493
0.029469
0.029445
0.029421
0.029397
0.029373
0.029349
0.029326
0.029302
0.029278
0.029254
0.029231
0.029207
0.029183
0.029160
0.029136
0.029113
0.029089
0.029066
0.029042
0.029019
0.028995
0.028972
0.028949
0.028926
0.028902
0.028879
0.028856
0.028833
0.028810
0.028787
0.028764
0.028741
0.028718
0.028695
0.028672
0.028650
0.028627
0.028604
0.028581
0.028559
0.028536
0.028513
0.028491
0.028468
0.028446
0.028423
0.028401
0.028379
0.028356
0.028334
0.028312
0.028289
0.028267
0.028245
0.028223
0.028201
0.028178
0.028156
0.028134
0.028112
0.028090
0.028068
0.028047
0.028025
0.028003
0.027981
0.027959
0.027937
0.027916
0.027894
0.027872
0.027851
0.027829
0.027808
0.027786
0.027765
0.027743
0.027722
0.027700
0.027679
0.027658
0.027637
0.027615
1.021057
1.020218
1.019443
1.018727
1.018065
1.017453
1.016887
1.016365
1.015882
1.015436
1.015024
1.014643
1.014290
1.013964
1.013663
1.013385
1.013127
1.012889
1.012669
1.012465
1.012277
1.012102
1.011941
1.011792
1.011653
1.011525
1.011407
1.011297
1.011195
1.011101
1.011013
1.010932
1.010857
1.010787
1.010722
1.010662
1.010606
1.010554
1.010506
1.010461
1.010419
1.010380
1.010344
1.010310
1.010279
1.010249
1.010222
1.010196
1.010172
1.010149
1.010128
1.010108
1.010090
1.010072
1.010056
1.010040
1.010025
1.010012
1.009999
1.009986
1.009974
1.009963
1.009953
1.009943
1.009933
1.009924
1.009915
1.009907
1.009898
1.009891
1.009883
1.009876
1.009869
1.009862
1.009856
1.009850
1.009843
1.009838
1.009832
1.009826
1.009821
1.009815
1.009810
1.009805
1.009800
1.009795
1.009790
1.009785
1.009780
1.009776
1.009771
1.009766
1.009762
1.009758
1.009753
1.009749
1.009744
1.009740
1.009736
1.009732
1.009728
1.009723
1.009719
1.009715
1.009711
1.009707
1.009703
1.009699
1.009695
1.009691
1.009687
1.009683
1.009679
1.009675
1.009671
1.009667
1.009663
1.009659
1.009655
1.009652
1.009648
1.009644
1.009640
1.009636
1.009632
1.009628
1.009624
1.009621
1.009617
1.009613
1.009609
1.009605
1.009601
1.009598
1.009594
1.009590
1.009586
1.009582
1.009579
1.009575
1.009571
1.009567
1.009563
1.009560
1.009556
1.009552
1.009548
1.009544
1.009541
1.009537
1.009533
1.009529
1.009525
1.009522
1.009518
1.009514
1.009510
1.009507
1.009503
1.009499
1.009495
1.009492
1.009488
1.009484
1.009480
1.009477
1.009473
1.009469
1.009465
1.009462
1.009458
1.009454
1.009450
1.009447
1.009443
1.009439
1.009435
1.009432
1.009428
1.009424
1.009420
1.009417
1.009413
1.009409
1.009405
1.009402
1.009398
1.009394
1.009391
1.009387
1.009383
1.009379
1.009376
1.009372
1.009368
1.009364
1.009361
1.009357
1.009353
1.009350
1.009346
1.009342
1.009338
1.009335
1.009331
1.009327
1.009324
1.009320
1.009316
1.009313
1.009309
1.009305
1.009301
1.009298
1.009294
1.009290
1.009287
1.009283
1.009279
1.009276
1.009272
1.009268
1.009264
1.009261
1.009257
1.009253
1.009250
1.009246
1.009242
1.009239
1.009235
1.009231
1.009228
1.009224
1.009220
1.009217
1.009213
1.009209
1.009206
1.009202
1.009198
1.009195
1.009191
1.009187
1.009184
1.009180
1.009176
1.009173
1.009169
1.009165
1.009162
1.009158
1.009154
1.009151
1.009147
1.009143
1.009140
1.009136
1.009132
1.009129
1.009125
1.009121
1.009118
1.009114
1.009110
1.009107
1.009103
1.009099
1.009096
1.009092
1.009088
1.009085
1.009081
1.009077
1.009074
1.009070
1.009066
1.009063
1.009059
1.009055
1.009052
1.009048
1.009045
1.009041
1.009037
1.009034
1.009030
1.009026
1.009023
1.009019
1.009015
1.009012
1.009008
1.009004
1.009001
1.008997
1.008994
1.008990
1.008986
1.008983
1.008979
1.008975
1.008972
1.008968
1.008964
1.008961
1.008957
1.008954
1.008950
1.008946
1.008943
1.008939
1.008935
1.008932
1.008928
1.008924
1.008921
1.008917
1.008914
1.008910
1.008906
1.008903
1.008899
1.008895
1.008892
1.008888
1.008885
1.008881
1.008877
1.008874
1.008870
1.008866
1.008863
1.008859
1.008856
1.008852
1.008848
1.008845
1.008841
1.008837
1.008834
1.008830
1.008827
1.008823
1.008819
1.008816
1.008812
1.008808
1.008805
1.008801
1.008798
1.008794
1.008790
1.008787
1.008783
1.008779
1.008776
1.008772
1.008769
1.008765
1.008761
1.008758
1.008754
1.008750
1.008747
1.008743
1.008740
1.008736
1.008732
1.008729
1.008725
1.008722
1.008718
1.008714
1.008711
1.008707
1.008703
1.008700
1.008696
1.008693
1.008689
1.008685
1.008682
1.008678
1.008674
1.008671
1.008667
1.008664
1.008660
1.008656
1.008653
1.008649
1.008645
1.008642
1.008638
1.008635
1.008631
1.008627
1.008624
1.008620
1.008616
1.008613
1.008609
1.008606
1.008602
1.008598
1.008595
1.008591
1.008587
1.008584
1.008580
1.008577
1.008573
1.008569
1.008566
1.008562
1.008558
1.008555
1.008551
1.008548
1.008544
1.008540
1.008537
1.008533
1.008529
1.008526
1.008522
1.008518
1.008515
1.008511
1.008508
1.008504
1.008500
1.008497
1.008493
1.008489
1.008486
1.008482
1.008478
1.008475
1.008471
1.008468
1.008464
1.008460
1.008457
1.008453
1.008449
1.008446
1.008442
1.008438
1.008435
1.008431
1.008427
1.008424
1.008420
1.008417
1.008413
1.008409
1.008406
1.008402
1.008398
1.008395
1.008391
1.008387
1.008384
1.008380
1.008376
1.008373
1.008369
1.008365
1.008362
1.008358
1.008354
1.008351
1.008347
1.008343
1.008340
1.008336
1.008332
1.008329
1.008325
1.008321
1.008318
1.008314
1.008310
1.008307
1.008303
1.008299
1.008296
1.008292
1.008288
1.008285
1.008281
1.008277
1.008274
1.008270
1.008266
1.008263
1.008259
1.008255
1.008252
1.008248
1.008244
1.008241
1.008237
1.008233
1.008229
1.008226
1.008222
1.008218
1.008215
1.008211
1.008207
1.008204
1.008200
1.008196
1.008193
1.008189
1.008185
1.008181
1.008178
1.008174
1.008170
1.008167
1.008163
1.008159
1.008155
1.008152
1.008148
1.008144
1.008141
1.008137
1.008133
1.008129
1.008126
1.008122
1.008118
1.008115
1.008111
1.008107
1.008103
1.008100
1.008096
1.008092
1.008088
1.008085
1.008081
1.008077
1.008073
1.008070
1.008066
1.008062
1.008058
1.008055
1.008051
1.008047
1.008043
1.008040
1.008036
1.008032
1.008028
1.008025
1.008021
1.008017
1.008013
1.008009
1.008006
1.008002
1.007998
1.007994
1.007991
1.007987
1.007983
1.007979
1.007975
1.007972
1.007968
1.007964
1.007960
1.007956
1.007953
1.007949
1.007945
1.007941
1.007937
1.007934
1.007930
1.007926
1.007922
1.007918
1.007915
1.007911
1.007907
1.007903
1.007899
1.007895
1.007892
1.007888
1.007884
1.007880
1.007876
1.007872
1.007869
1.007865
1.007861
1.007857
1.007853
1.007849
1.007846
1.007842
1.007838
1.007834
1.007830
1.007826
1.007822
1.007818
1.007815
1.007811
1.007807
1.007803
1.007799
1.007795
1.007791
1.007787
1.007783
1.007780
1.007776
1.007772
1.007768
1.007764
1.007760
1.007756
1.007752
1.007748
1.007744
1.007740
1.007737
1.007733
1.007729
1.007725
1.007721
1.007717
1.007713
1.007709
1.007705
1.007701
1.007697
1.007693
1.007689
1.007685
1.007681
1.007677
1.007673
1.007669
1.007665
1.007661
1.007657
1.007653
1.007649
1.007645
1.007641
1.007637
1.007633
1.007629
1.007625
1.007621
1.007617
1.007613
1.007609
1.007605
1.007601
1.007597
1.007593
1.007589
1.007585
1.007581
1.007577
1.007573
1.007569
1.007565
1.007561
1.007557
1.007553
1.007549
1.007545
1.007541
1.007536
1.007532
1.007528
1.007524
1.007520
1.007516
1.007512
1.007508
1.007504
1.007500
1.007495
1.007491
1.007487
1.007483
1.007479
1.007475
1.007471
1.007466
1.007462
1.007458
1.007454
1.007450
1.007446
1.007442
1.007437
1.007433
1.007429
1.007425
1.007421
1.007416
1.007412
1.007408
1.007404
1.007400
1.007395
1.007391
1.007387
1.007383
1.007378
1.007374
1.007370
1.007366
1.007361
1.007357
1.007353
1.007349
1.007344
1.007340
1.007336
1.007332
1.007327
1.007323
1.007319
1.007314
1.007310
1.007306
1.007301
1.007297
1.007293
1.007288
1.007284
1.007280
1.007275
1.007271
1.007267
1.007262
1.007258
1.007254
1.007249
1.007245
1.007240
1.007236
1.007232
1.007227
1.007223
1.007218
1.007214
1.007210
1.007205
1.007201
1.007196
1.007192
1.007187
1.007183
1.007178
1.007174
1.007170
1.007165
1.007161
1.007156
1.007152
1.007147
1.007143
1.007138
1.007134
1.007129
1.007124
1.007120
1.007115
1.007111
1.007106
1.007102
1.007097
1.007093
1.007088
1.007083
1.007079
1.007074
1.007070
1.007065
1.007060
1.007056
1.007051
1.007046
1.007042
1.007037
1.007032
1.007028
1.007023
1.007018
1.007014
1.007009
1.007004
1.007000
1.006995
1.006990
1.006985
1.006981
1.006976
1.006971
1.006966
1.006962
1.006957
1.006952
1.006947
1.006943
1.006938
1.006933
1.006928
1.006923
1.006919
1.006914
1.006909
1.006904
1.006899
1.006894
1.006889
1.006884
1.006880
1.006875
1.006870
1.006865
1.006860
1.006855
1.006850
1.006845
1.006840
1.006835
1.006830
1.006825
1.006820
1.006815
1.006810
1.006805
1.006800
1.006795
1.006790
1.006785
1.006780
1.006775
1.006770
1.006765
1.006760
1.006755
1.006749
1.006744
1.006739
1.006734
1.006729
1.006724
1.006719
1.006713
1.006708
1.006703
1.006698
1.006693
1.006687
1.006682
1.006677
1.006672
1.006666
1.006661
1.006656
1.006650
1.006645
1.006640
1.006635
1.006629
1.006624
1.006619
1.006613
1.006608
1.006602
1.006597
1.006592
1.006586
1.006581
1.006575
1.006570
1.006564
1.006559
1.006553
1.006548
1.006542
1.006537
1.006531
1.006526
1.006520
1.006515
1.006509
1.006504
1.006498
1.006492
1.006487
1.006481
1.006476
1.006470
1.006464
1.006459
1.006453
1.006447
1.006441
1.006436
1.006430
1.006424
1.006418
1.006413
1.006407
1.006401
1.006395
1.006389
1.006384
1.006378
1.006372
1.006366
1.006360
1.006354
1.006348
1.006342
1.006336
1.006331
1.006325
1.006319
1.006313
1.006307
1.006301
1.006294
1.006288
1.006282
1.006276
1.006270
1.006264
1.006258
1.006252
1.006246
1.006240
1.006233
1.006227
1.006221
1.006215
1.006209
1.006202
1.006196
1.006190
1.006183
1.006177
1.006171
1.006164
1.006158
1.006152
1.006145
1.006139
1.006133
1.006126
1.006120
1.006113
1.006107
1.006100
1.006094
1.006087
1.006081
1.006074
1.006067
1.006061
1.006054
1.006048
1.006041
1.006034
1.006028
1.006021
1.006014
1.006007
1.006001
1.005994
1.005987
1.005980
1.005974
1.005967
1.005960
1.005953
1.005946
1.005939
1.005932
1.005925
1.005918
1.005911
1.005904
1.005897
1.005890
1.005883
1.005876
1.005869
1.005862
1.005855
1.005848
1.005840
1.005833
1.005826
1.005819
1.005812
1.005804
1.005797
1.005790
1.005782
1.005775
1.005768
1.005760
1.005753
1.005745
1.005738
1.005730
1.005723
1.005715
1.005708
1.005700
1.005693
1.005685
1.005677
1.005670
1.005662
1.005654
1.005647
1.005639
1.005631
1.005623
1.005615
1.005608
1.005600
1.005592
1.005584
1.005576
1.005568
1.005560
1.005552
1.005544
1.005536
1.005528
1.005520
1.005512
1.005504
1.005495
1.005487
1.005479
1.005471
1.005462
1.005454
1.005446
1.005437
1.005429
1.005421
1.005412
1.005404
1.005395
1.005387
1.005378
1.005370
1.005361
1.005352
1.005344
1.005335
1.005326
1.005318
1.005309
1.005300
1.005291
1.005283
1.005274
1.005265
1.005256
1.005247
1.005238
1.005229
1.005220
1.005211
1.005202
1.005193
1.005183
1.005174
1.005165
1.005156
1.005146
1.005137
1.005128
1.005118
1.005109
1.005100
1.005090
1.005081
1.005071
1.005062
1.005052
1.005042
1.005033
1.005023
1.005013
1.005003
1.004994
1.004984
1.004974
1.004964
1.004954
1.004944
1.004934
1.004924
1.004914
1.004904
1.004894
1.004884
1.004874
1.004863
1.004853
1.004843
1.004832
1.004822
1.004812
1.004801
1.004791
1.004780
1.004770
1.004759
1.004748
1.004738
1.004727
1.004716
1.004705
1.004695
1.004684
1.004673
1.004662
1.004651
1.004640
1.004629
1.004618
1.004606
1.004595
1.004584
1.004573
1.004561
1.004550
1.004539
1.004527
1.004516
1.004504
1.004493
1.004481
1.004470
1.004458
1.004446
1.004434
1.004422
1.004411
1.004399
1.004387
1.004375
1.004363
1.004351
1.004339
1.004326
1.004314
1.004302
1.004290
1.004277
1.004265
1.004252
1.004240
1.004227
1.004215
1.004202
1.004189
1.004177
1.004164
1.004151
1.004138
1.004125
1.004112
1.004099
1.004086
1.004073
1.004060
1.004047
1.004033
1.004020
1.004007
1.003993
1.003980
1.003966
1.003952
1.003939
1.003925
1.003911
1.003897
1.003884
1.003870
1.003856
1.003842
1.003828
1.003813
1.003799
1.003785
1.003771
1.003756
1.003742
1.003727
1.003713
1.003698
1.003684
1.003669
1.003654
1.003639
1.003624
1.003610
1.003595
1.003579
1.003564
1.003549
1.003534
1.003519
1.003503
1.003488
1.003472
1.003457
1.003441
1.003425
1.003410
1.003394
1.003378
1.003362
1.003346
1.003330
1.003314
1.003298
1.003281
1.003265
1.003249
1.003232
1.003216
1.003199
1.003182
1.003166
1.003149
1.003132
1.003115
1.003098
1.003081
1.003064
1.003047
1.003029
1.003012
1.002994
1.002977
1.002959
1.002942
1.002924
1.002906
1.002888
1.002870
1.002852
1.002834
1.002816
1.002798
1.002779
1.002761
1.002743
1.002724
1.002705
1.002687
1.002668
1.002649
1.002630
1.002611
1.002592
1.002573
1.002554
1.002534
1.002515
1.002495
1.002476
1.002456
1.002436
1.002416
1.002396
1.002376
1.002356
1.002336
1.002316
1.002296
1.002275
1.002255
1.002234
1.002213
1.002193
1.002172
1.002151
1.002130
1.002109
1.002087
1.002066
1.002045
1.002023
1.002002
1.001980
1.001958
1.001936
1.001914
1.001892
1.001870
1.001848
1.001826
1.001803
1.001781
1.001758
1.001735
1.001713
1.001690
1.001667
1.001644
1.001620
1.001597
1.001574
1.001550
1.001527
1.001503
1.001479
1.001455
1.001431
1.001407
1.001383
1.001359
1.001334
1.001310
1.001285
1.001260
1.001236
1.001211
1.001186
1.001160
1.001135
1.001110
1.001084
1.001059
1.001033
1.001007
1.000981
1.000955
1.000929
1.000903
1.000877
1.000850
1.000824
1.000797
1.000770
1.000743
1.000716
1.000689
1.000662
1.000635
1.000607
1.000579
1.000552
1.000524
1.000496
1.000468
1.000440
1.000411
1.000383
1.000354
1.000326
1.000297
1.000268
1.000239
1.000210
1.000181
1.000151
1.000122
1.000092
1.000062
1.000032
1.000002
0.999972
0.999942
0.999911
0.999881
0.999850
0.999819
0.999788
0.999757
0.999726
0.999695
0.999663
0.999632
0.999600
0.999568
0.999536
0.999504
0.999472
0.999440
0.999407
0.999375
0.999342
0.999309
0.999276
0.999243
0.999209
0.999176
0.999142
0.999108
0.999075
0.999041
0.999006
0.998972
0.998938
0.998903
0.998868
0.998834
0.998799
0.998763
0.998728
0.998693
0.998657
0.998621
0.998585
0.998549
0.998513
0.998477
0.998441
0.998404
0.998367
0.998330
0.998293
0.998256
0.998219
0.998181
0.998144
0.998106
0.998068
0.998030
0.997991
0.997953
0.997914
0.997876
0.997837
0.997798
0.997759
0.997719
0.997680
0.997640
0.997600
0.997560
0.997520
0.997480
0.997440
0.997399
0.997358
0.997317
0.997276
0.997235
0.997194
0.997152
0.997110
0.997069
0.997027
0.996984
0.996942
0.996899
0.996857
0.996814
0.996771
0.996728
0.996684
0.996641
0.996597
0.996553
0.996509
0.996465
0.996421
0.996377
0.996332
0.996287
0.996242
0.996197
0.996152
0.996106
0.996060
0.996015
0.995969
0.995922
0.995876
0.995830
0.995783
0.995736
0.995689
0.995642
0.995594
0.995547
0.995499
0.995451
0.995403
0.995355
0.995307
0.995258
0.995209
0.995160
0.995111
0.995062
0.995013
0.994963
0.994913
0.994863
0.994813
0.994763
0.994712
0.994662
0.994611
0.994560
0.994509
0.994457
0.994406
0.994354
0.994302
0.994250
0.994198
0.994145
0.994093
0.994040
0.993987
0.993934
0.993880
0.993827
0.993773
0.993719
0.993665
0.993611
0.993557
0.993502
0.993448
0.993393
0.993338
0.993282
0.993227
0.993171
0.993115
0.993059
0.993003
0.992947
0.992890
0.992834
0.992777
0.992720
0.992663
0.992605
0.992548
0.992490
0.992432
0.992374
0.992315
0.992257
0.992198
0.992140
0.992081
0.992021
0.991962
0.991902
0.991843
0.991783
0.991723
0.991662
0.991602
0.991541
0.991481
0.991420
0.991359
0.991297
0.991236
0.991174
0.991112
0.991050
0.990988
0.990926
0.990863
0.990800
0.990737
0.990674
0.990611
0.990548
0.990484
0.990420
0.990356
0.990292
0.990228
0.990163
0.990099
0.990034
0.989969
0.989904
0.989838
0.989773
0.989707
0.989641
0.989575
0.989509
0.989443
0.989376
0.989309
0.989243
0.989176
0.989108
0.989041
0.988973
0.988906
0.988838
0.988770
0.988701
0.988633
0.988564
0.988496
0.988427
0.988358
0.988288
0.988219
0.988149
0.988080
0.988010
0.987940
0.987869
0.987799
0.987728
0.987658
0.987587
0.987516
0.987444
0.987373
0.987301
0.987230
0.987158
0.987086
0.987013
0.986941
0.986869
0.986796
0.986723
0.986650
0.986577
0.986503
0.986430
0.986356
0.986283
0.986209
0.986134
0.986060
0.985986
0.985911
0.985836
0.985761
0.985686
0.985611
0.985536
0.985460
0.985384
0.985309
0.985233
0.985156
0.985080
0.985004
0.984927
0.984850
0.984773
0.984696
0.984619
0.984541
0.984464
0.984386
0.984308
0.984230
0.984152
0.984074
0.983995
0.983917
0.983838
0.983759
0.983680
0.983601
0.983521
0.983442
0.983362
0.983282
0.983202
0.983122
0.983042
0.982961
0.982881
0.982800
0.982719
0.982638
0.982557
0.982476
0.982394
0.982312
0.982231
0.982149
0.982066
0.981984
0.981902
0.981819
0.981737
0.981654
0.981571
0.981487
0.981404
0.981321
0.981237
0.981153
0.981069
0.980985
0.980901
0.980816
0.980732
0.980647
0.980562
0.980477
0.980392
0.980306
0.980221
0.980135
0.980049
0.979963
0.979877
0.979791
0.979704
0.979617
0.979530
0.979443
0.979356
0.979269
0.979181
0.979093
0.979006
0.978917
0.978829
0.978741
0.978652
0.978563
0.978474
0.978385
0.978296
0.978206
0.978116
0.978026
0.977936
0.977846
0.977755
0.977665
0.977574
0.977483
0.977391
0.977300
0.977208
0.977116
0.977024
0.976931
0.976839
0.976746
0.976653
0.976559
0.976466
0.976372
0.976278
0.976183
0.976089
0.975994
0.975899
0.975804
0.975708
0.975612
0.975516
0.975419
0.975323
0.975226
0.975128
0.975031
0.974933
0.974835
0.974736
0.974637
0.974538
0.974438
0.974339
0.974238
0.974138
0.974037
0.973935
0.973834
0.973732
0.973629
0.973526
0.973423
0.973319
0.973215
0.973111
0.973006
0.972900
0.972794
0.972688
0.972581
0.972474
0.972366
0.972258
0.972149
0.972039
0.971929
0.971819
0.971707
0.971596
0.971483
0.971370
0.971257
0.971142
0.971028
0.970912
0.970796
0.970679
0.970561
0.970442
0.970323
0.970203
0.970082
0.969960
0.969838
0.969714
0.969590
0.969465
0.969338
0.969211
0.969083
0.968954
0.968824
0.968693
0.968560
0.968427
0.968293
0.968157
0.968020
0.967882
0.967742
0.967602
0.967460
0.967316
0.967172
0.967026
0.966878
0.966729
0.966579
0.966426
0.966273
0.966117
0.965960
0.965802
0.965641
0.965479
0.965315
0.965149
0.964981
0.964811
0.964639
0.964466
0.964290
0.964112
0.963931
0.963749
0.963564
0.963377
0.963187
0.962995
0.962801
0.962604
0.962404
0.962202
0.961997
0.961790
0.961579
0.961366
0.961150
0.960931
0.960709
0.960484
0.960255
0.960024
0.959789
0.959551
0.959310
0.959066
0.958817
0.958566
0.958311
0.958052
0.957790
0.957523
0.957254
0.956980
0.956702
0.956421
0.956135
0.955846
0.955552
0.955255
0.954953
0.954647
0.954336
0.954022
0.953703
0.953380
0.953052
0.952719
0.952383
0.952041
0.951695
0.951345
0.950990
0.950630
0.950265
0.949895
0.949521
0.949142
0.948758
0.948369
0.947975
0.947576
0.947172
0.946764
0.946350
0.945931
0.945507
0.945078
0.944644
0.944204
0.943760
0.943310
0.942856
0.942396
0.941930
0.941460
0.940984
0.940504
0.940017
0.939526
0.939029
0.938528
0.938020
0.937508
0.936990
0.936467
0.935939
0.935405
0.934866
0.934322
0.933773
0.933218
0.932658
0.932093
0.931522
0.930946
0.930365
0.929778
0.929186
0.928589
0.927987
0.927379
0.926766
0.926148
0.925524
0.924895
0.924261
0.923622
0.922977
0.922328
0.921673
0.921012
0.920347
0.919676
0.919000
0.918319
0.917633
0.916941
0.916244
1.039847
1.037878
1.036035
1.034310
1.032695
1.031181
1.029761
1.028430
1.027182
1.026010
1.024909
1.023875
1.022904
1.021990
1.021131
1.020323
1.019563
1.018847
1.018173
1.017538
1.016940
1.016376
1.015844
1.015343
1.014870
1.014424
1.014003
1.013605
1.013230
1.012875
1.012540
1.012223
1.011924
1.011641
1.011374
1.011121
1.010881
1.010655
1.010441
1.010238
1.010046
1.009864
1.009692
1.009529
1.009374
1.009228
1.009089
1.008957
1.008833
1.008714
1.008602
1.008496
1.008395
1.008299
1.008208
1.008122
1.008040
1.007962
1.007888
1.007818
1.007751
1.007687
1.007627
1.007570
1.007515
1.007463
1.007414
1.007367
1.007322
1.007279
1.007239
1.007200
1.007163
1.007128
1.007094
1.007062
1.007032
1.007002
1.006975
1.006948
1.006923
1.006898
1.006875
1.006853
1.006831
1.006811
1.006792
1.006773
1.006755
1.006738
1.006721
1.006705
1.006690
1.006675
1.006661
1.006648
1.006635
1.006622
1.006610
1.006598
1.006587
1.006576
1.006566
1.006556
1.006546
1.006536
1.006527
1.006518
1.006510
1.006501
1.006493
1.006485
1.006477
1.006470
1.006463
1.006456
1.006449
1.006442
1.006435
1.006429
1.006422
1.006416
1.006410
1.006404
1.006399
1.006393
1.006387
1.006382
1.006377
1.006371
1.006366
1.006361
1.006356
1.006351
1.006346
1.006341
1.006337
1.006332
1.006327
1.006323
1.006318
1.006314
1.006309
1.006305
1.006301
1.006296
1.006292
1.006288
1.006284
1.006279
1.006275
1.006271
1.006267
1.006263
1.006259
1.006255
1.006251
1.006247
1.006243
1.006240
1.006236
1.006232
1.006228
1.006224
1.006220
1.006217
1.006213
1.006209
1.006205
1.006202
1.006198
1.006194
1.006191
1.006187
1.006183
1.006180
1.006176
1.006172
1.006169
1.006165
1.006162
1.006158
1.006154
1.006151
1.006147
1.006144
1.006140
1.006136
1.006133
1.006129
1.006126
1.006122
1.006119
1.006115
1.006112
1.006108
1.006105
1.006101
1.006098
1.006094
1.006091
1.006087
1.006084
1.006080
1.006077
1.006073
1.006070
1.006066
1.006063
1.006059
1.006056
1.006052
1.006049
1.006045
1.006042
1.006038
1.006035
1.006031
1.006028
1.006024
1.006021
1.006017
1.006014
1.006011
1.006007
1.006004
1.006000
1.005997
1.005993
1.005990
1.005986
1.005983
1.005979
1.005976
1.005972
1.005969
1.005966
1.005962
1.005959
1.005955
1.005952
1.005948
1.005945
1.005941
1.005938
1.005934
1.005931
1.005927
1.005924
1.005921
1.005917
1.005914
1.005910
1.005907
1.005903
1.005900
1.005896
1.005893
1.005889
1.005886
1.005882
1.005879
1.005875
1.005872
1.005869
1.005865
1.005862
1.005858
1.005855
1.005851
1.005848
1.005844
1.005841
1.005837
1.005834
1.005830
1.005827
1.005823
1.005820
1.005816
1.005813
1.005809
1.005806
1.005802
1.005799
1.005795
1.005792
1.005788
1.005785
1.005781
1.005778
1.005774
1.005771
1.005767
1.005764
1.005760
1.005756
1.005753
1.005749
1.005746
1.005742
1.005739
1.005735
1.005732
1.005728
1.005725
1.005721
1.005717
1.005714
1.005710
1.005707
1.005703
1.005700
1.005696
1.005692
1.005689
1.005685
1.005682
1.005678
1.005675
1.005671
1.005667
1.005664
1.005660
1.005656
1.005653
1.005649
1.005646
1.005642
1.005638
1.005635
1.005631
1.005627
1.005624
1.005620
1.005617
1.005613
1.005609
1.005606
1.005602
1.005598
1.005595
1.005591
1.005587
1.005583
1.005580
1.005576
1.005572
1.005569
1.005565
1.005561
1.005558
1.005554
1.005550
1.005546
1.005543
1.005539
1.005535
1.005531
1.005528
1.005524
1.005520
1.005516
1.005513
1.005509
1.005505
1.005501
1.005497
1.005494
1.005490
1.005486
1.005482
1.005478
1.005474
1.005471
1.005467
1.005463
1.005459
1.005455
1.005451
1.005447
1.005444
1.005440
1.005436
1.005432
1.005428
1.005424
1.005420
1.005416
1.005412
1.005408
1.005404
1.005401
1.005397
1.005393
1.005389
1.005385
1.005381
1.005377
1.005373
1.005369
1.005365
1.005361
1.005357
1.005353
1.005349
1.005345
1.005341
1.005337
1.005332
1.005328
1.005324
1.005320
1.005316
1.005312
1.005308
1.005304
1.005300
1.005296
1.005291
1.005287
1.005283
1.005279
1.005275
1.005271
1.005266
1.005262
1.005258
1.005254
1.005250
1.005245
1.005241
1.005237
1.005233
1.005228
1.005224
1.005220
1.005215
1.005211
1.005207
1.005203
1.005198
1.005194
1.005190
1.005185
1.005181
1.005176
1.005172
1.005168
1.005163
1.005159
1.005154
1.005150
1.005145
1.005141
1.005137
1.005132
1.005128
1.005123
1.005119
1.005114
1.005110
1.005105
1.005100
1.005096
1.005091
1.005087
1.005082
1.005078
1.005073
1.005068
1.005064
1.005059
1.005054
1.005050
1.005045
1.005040
1.005036
1.005031
1.005026
1.005021
1.005017
1.005012
1.005007
1.005002
1.004997
1.004993
1.004988
1.004983
1.004978
1.004973
1.004968
1.004963
1.004958
1.004953
1.004948
1.004944
1.004939
1.004934
1.004929
1.004924
1.004919
1.004913
1.004908
1.004903
1.004898
1.004893
1.004888
1.004883
1.004878
1.004873
1.004867
1.004862
1.004857
1.004852
1.004847
1.004841
1.004836
1.004831
1.004825
1.004820
1.004815
1.004809
1.004804
1.004799
1.004793
1.004788
1.004782
1.004777
1.004771
1.004766
1.004760
1.004755
1.004749
1.004744
1.004738
1.004733
1.004727
1.004721
1.004716
1.004710
1.004704
1.004699
1.004693
1.004687
1.004681
1.004676
1.004670
1.004664
1.004658
1.004652
1.004646
1.004641
1.004635
1.004629
1.004623
1.004617
1.004611
1.004605
1.004599
1.004593
1.004586
1.004580
1.004574
1.004568
1.004562
1.004556
1.004549
1.004543
1.004537
1.004531
1.004524
1.004518
1.004512
1.004505
1.004499
1.004492
1.004486
1.004479
1.004473
1.004466
1.004460
1.004453
1.004446
1.004440
1.004433
1.004426
1.004420
1.004413
1.004406
1.004399
1.004393
1.004386
1.004379
1.004372
1.004365
1.004358
1.004351
1.004344
1.004337
1.004330
1.004323
1.004316
1.004309
1.004301
1.004294
1.004287
1.004280
1.004272
1.004265
1.004258
1.004250
1.004243
1.004235
1.004228
1.004220
1.004213
1.004205
1.004197
1.004190
1.004182
1.004174
1.004167
1.004159
1.004151
1.004143
1.004135
1.004127
1.004119
1.004111
1.004103
1.004095
1.004087
1.004079
1.004071
1.004063
1.004054
1.004046
1.004038
1.004029
1.004021
1.004012
1.004004
1.003995
1.003987
1.003978
1.003970
1.003961
1.003952
1.003943
1.003935
1.003926
1.003917
1.003908
1.003899
1.003890
1.003881
1.003872
1.003863
1.003853
1.003844
1.003835
1.003826
1.003816
1.003807
1.003797
1.003788
1.003778
1.003769
1.003759
1.003749
1.003740
1.003730
1.003720
1.003710
1.003700
1.003690
1.003680
1.003670
1.003660
1.003650
1.003639
1.003629
1.003619
1.003608
1.003598
1.003587
1.003577
1.003566
1.003555
1.003545
1.003534
1.003523
1.003512
1.003501
1.003490
1.003479
1.003468
1.003456
1.003445
1.003434
1.003422
1.003411
1.003400
1.003388
1.003376
1.003365
1.003353
1.003341
1.003329
1.003317
1.003305
1.003293
1.003281
1.003269
1.003256
1.003244
1.003232
1.003219
1.003207
1.003194
1.003181
1.003168
1.003156
1.003143
1.003130
1.003116
1.003103
1.003090
1.003077
1.003063
1.003050
1.003036
1.003023
1.003009
1.002995
1.002982
1.002968
1.002954
1.002939
1.002925
1.002911
1.002897
1.002882
1.002868
1.002853
1.002838
1.002824
1.002809
1.002794
1.002779
1.002764
1.002749
1.002733
1.002718
1.002702
1.002687
1.002671
1.002655
1.002639
1.002623
1.002607
1.002591
1.002575
1.002559
1.002542
1.002525
1.002509
1.002492
1.002475
1.002458
1.002441
1.002424
1.002407
1.002389
1.002372
1.002354
1.002336
1.002318
1.002300
1.002282
1.002264
1.002246
1.002227
1.002209
1.002190
1.002171
1.002153
1.002134
1.002114
1.002095
1.002076
1.002056
1.002037
1.002017
1.001997
1.001977
1.001957
1.001936
1.001916
1.001895
1.001875
1.001854
1.001833
1.001812
1.001791
1.001769
1.001748
1.001726
1.001704
1.001682
1.001660
1.001638
1.001616
1.001593
1.001570
1.001547
1.001524
1.001501
1.001478
1.001454
1.001431
1.001407
1.001383
1.001359
1.001335
1.001310
1.001286
1.001261
1.001236
1.001211
1.001186
1.001160
1.001135
1.001109
1.001083
1.001057
1.001030
1.001004
1.000977
1.000950
1.000923
1.000896
1.000868
1.000841
1.000813
1.000785
1.000757
1.000728
1.000700
1.000671
1.000642
1.000613
1.000583
1.000554
1.000524
1.000494
1.000463
1.000433
1.000402
1.000371
1.000340
1.000309
1.000277
1.000246
1.000214
1.000181
1.000149
1.000116
1.000083
1.000050
1.000017
0.999983
0.999949
0.999915
0.999881
0.999846
0.999811
0.999776
0.999741
0.999705
0.999669
0.999633
0.999597
0.999560
0.999523
0.999486
0.999449
0.999411
0.999373
0.999335
0.999296
0.999257
0.999218
0.999179
0.999139
0.999099
0.999059
0.999018
0.998978
0.998936
0.998895
0.998853
0.998811
0.998769
0.998726
0.998683
0.998640
0.998597
0.998553
0.998509
0.998464
0.998419
0.998374
0.998328
0.998283
0.998236
0.998190
0.998143
0.998096
0.998048
0.998000
0.997952
0.997904
0.997855
0.997805
0.997756
0.997706
0.997655
0.997604
0.997553
0.997502
0.997450
0.997398
0.997345
0.997292
0.997239
0.997185
0.997131
0.997076
0.997021
0.996966
0.996910
0.996854
0.996797
0.996740
0.996683
0.996625
0.996566
0.996508
0.996449
0.996389
0.996329
0.996269
0.996208
0.996146
0.996085
0.996022
0.995960
0.995897
0.995833
0.995769
0.995704
0.995639
0.995574
0.995508
0.995442
0.995375
0.995307
0.995240
0.995171
0.995102
0.995033
0.994963
0.994893
0.994822
0.994751
0.994679
0.994606
0.994534
0.994460
0.994386
0.994312
0.994237
0.994161
0.994085
0.994008
0.993931
0.993854
0.993775
0.993696
0.993617
0.993537
0.993457
0.993376
0.993294
0.993212
0.993129
0.993045
0.992961
0.992877
0.992792
0.992706
0.992620
0.992533
0.992445
0.992357
0.992268
0.992179
0.992089
0.991998
0.991907
0.991815
0.991722
0.991629
0.991535
0.991441
0.991346
0.991250
0.991153
0.991056
0.990959
0.990860
0.990761
0.990661
0.990561
0.990460
0.990358
0.990255
0.990152
0.990048
0.989944
0.989839
0.989733
0.989626
0.989519
0.989411
0.989302
0.989192
0.989082
0.988971
0.988859
0.988747
0.988634
0.988520
0.988405
0.988290
0.988174
0.988057
0.987939
0.987821
0.987702
0.987582
0.987461
0.987340
0.987218
0.987095
0.986971
0.986846
0.986721
0.986595
0.986468
0.986340
0.986212
0.986082
0.985952
0.985821
0.985690
0.985557
0.985424
0.985290
0.985155
0.985019
0.984882
0.984745
0.984606
0.984467
0.984327
0.984187
0.984045
0.983902
0.983759
0.983615
0.983470
0.983324
0.983177
0.983030
0.982881
0.982732
0.982582
0.982431
0.982279
0.982126
0.981972
0.981818
0.981662
0.981506
0.981349
0.981191
0.981032
0.980872
0.980711
0.980549
0.980387
0.980223
0.980059
0.979894
0.979728
0.979561
0.979393
0.979224
0.979054
0.978883
0.978711
0.978539
0.978365
0.978191
0.978016
0.977839
0.977662
0.977484
0.977305
0.977125
0.976944
0.976762
0.976579
0.976395
0.976211
0.976025
0.975838
0.975651
0.975462
0.975273
0.975082
0.974891
0.974699
0.974505
0.974311
0.974116
0.973920
0.973722
0.973524
0.973325
0.973125
0.972924
0.972722
0.972519
0.972315
0.972110
0.971904
0.971697
0.971489
0.971280
0.971070
0.970859
0.970647
0.970435
0.970221
0.970006
0.969790
0.969573
0.969355
0.969136
0.968916
0.968695
0.968473
0.968250
0.968026
0.967801
0.967575
0.967348
0.967120
0.966891
0.966661
0.966430
0.966198
0.965965
0.965730
0.965495
0.965259
0.965021
0.964783
0.964543
0.964303
0.964061
0.963819
0.963575
0.963330
0.963084
0.962837
0.962589
0.962340
0.962090
0.961839
0.961587
0.961333
0.961079
0.960824
0.960567
0.960309
0.960050
0.959790
0.959529
0.959267
0.959004
0.958740
0.958474
0.958208
0.957940
0.957671
0.957401
0.957130
0.956858
0.956584
0.956310
0.956034
0.955757
0.955479
0.955200
0.954919
0.954638
0.954355
0.954071
0.953786
0.953500
0.953212
0.952924
0.952634
0.952343
0.952050
0.951757
0.951462
0.951166
0.950869
0.950571
0.950271
0.949970
0.949668
0.949364
0.949060
0.948754
0.948447
0.948138
0.947828
0.947517
0.947205
0.946891
0.946576
0.946259
0.945942
0.945623
0.945302
0.944981
0.944658
0.944333
0.944007
0.943680
0.943352
0.943022
0.942690
0.942358
0.942024
0.941688
0.941351
0.941013
0.940673
0.940331
0.939989
0.939644
0.939299
0.938952
0.938603
0.938253
0.937901
0.937548
0.937193
0.936837
0.936479
0.936119
0.935758
0.935396
0.935032
0.934666
0.934298
0.933929
0.933559
0.933186
0.932812
0.932437
0.932059
0.931680
0.931300
0.930917
0.930533
0.930147
0.929760
0.929370
0.928979
0.928586
0.928191
0.927794
0.927396
0.926995
0.926593
0.926189
0.925783
0.925375
0.924965
0.924553
0.924140
0.923724
0.923306
0.922886
0.922465
0.922041
0.921615
0.921187
0.920757
0.920325
0.919890
0.919454
0.919015
0.918575
0.918131
0.917686
0.917239
0.916789
0.916337
0.915882
0.915426
0.914967
0.914505
0.914041
0.913575
0.913107
0.912635
0.912162
0.911686
0.911207
0.910726
0.910242
0.909756
0.909267
0.908775
0.908281
0.907784
0.907285
0.906782
0.906277
0.905769
0.905259
0.904745
0.904229
0.903709
0.903187
0.902662
0.902134
0.901603
0.901069
0.900532
0.899992
0.899449
0.898903
0.898354
0.897801
0.897246
0.896687
0.896125
0.895560
0.894991
0.894419
0.893844
0.893266
0.892684
0.892099
0.891510
0.890918
0.890323
0.889724
0.889122
0.888516
0.887906
0.887293
0.886676
0.886056
0.885432
0.884805
0.884173
0.883539
0.882900
0.882258
0.881611
0.880962
0.880308
0.879650
0.878989
0.878324
0.877655
0.876982
0.876305
0.875624
0.874940
0.874251
0.873558
0.872862
0.872161
0.871456
0.870748
0.870035
0.869318
0.868597
0.867872
0.867143
0.866410
0.865673
0.864931
0.864186
0.863436
0.862682
0.861924
0.861161
0.860395
0.859624
0.858849
0.858070
0.857287
0.856499
0.855707
0.854911
0.854111
0.853306
0.852498
0.851684
0.850867
0.850045
0.849219
0.848389
0.847555
0.846716
0.845873
0.845026
0.844174
0.843318
0.842458
0.841593
0.840724
0.839851
0.838974
0.838092
0.837206
0.836316
0.835422
0.834523
0.833620
0.832713
0.831801
0.830885
0.829965
0.829041
0.828113
0.827180
0.826243
0.825302
0.824357
0.823407
0.822453
0.821495
0.820533
0.819567
0.818597
0.817622
0.816643
0.815661
0.814674
0.813683
0.812687
0.811688
0.810685
0.809677
0.808666
0.807651
0.806631
0.805608
0.804580
0.803549
0.802513
0.801474
0.800430
0.799383
0.798332
0.797277
0.796218
0.795155
0.794088
0.793017
0.791943
0.790864
0.789782
0.788697
0.787607
0.786513
0.785416
0.784316
0.783211
0.782103
0.780991
0.779875
0.778756
0.777633
0.776507
0.775377
0.774243
0.773106
0.771966
0.770822
0.769674
0.768523
0.767369
0.766211
0.765050
0.763885
0.762717
0.761546
0.760371
0.759193
0.758012
0.756828
0.755640
0.754449
0.753256
0.752058
0.750858
0.749655
0.748449
0.747239
0.746027
0.744812
0.743593
0.742372
0.741148
0.739921
0.738691
0.737458
0.736223
0.734985
0.733744
0.732500
0.731254
0.730005
0.728753
0.727499
0.726243
0.724984
0.723722
0.722458
0.721192
0.719923
0.718652
0.717378
0.716103
0.714825
0.713545
0.712262
0.710978
0.709692
0.708403
0.707113
0.705820
0.704526
0.703230
0.701932
0.700632
0.699331
0.698027
0.696723
0.695416
0.694108
0.692798
0.691487
0.690174
0.688860
0.687545
0.686228
0.684910
0.683591
0.682271
0.680949
0.679627
0.678303
0.676979
0.675653
0.674327
0.672999
0.671671
0.670342
0.669013
0.667683
0.666352
0.665020
0.663689
0.662356
0.661023
0.659690
0.658357
0.657023
0.655689
0.654355
0.653021
0.651687
0.650353
0.649018
0.647684
0.646350
0.645017
0.643683
0.642350
0.641017
0.639684
0.638352
0.637021
0.635690
0.634359
0.633030
0.631700
0.630372
0.629045
0.627718
0.626392
0.625067
0.623743
0.622420
0.621098
0.619778
0.618458
0.617140
0.615823
0.614507
0.613193
0.611880
0.610569
0.609259
0.607950
0.606643
0.605338
0.604034
0.602733
0.601433
0.600134
0.598838
0.597543
0.596251
0.594960
0.593671
0.592385
0.591100
0.589818
0.588538
0.587260
0.585984
0.584711
0.583439
0.582171
0.580904
0.579640
0.578379
0.577119
0.575863
0.574609
0.573357
0.572109
0.570862
0.569619
0.568378
0.567140
0.565905
0.564672
0.563443
0.562216
0.560992
0.559771
0.558553
0.557338
0.556126
0.554917
0.553711
0.552507
0.551307
0.550111
0.548917
0.547726
0.546539
0.545354
0.544173
0.542995
0.541821
0.540649
0.539481
0.538316
0.537155
0.535996
0.534841
0.533690
0.532541
0.531397
0.530255
0.529117
0.527982
0.526851
0.525723
0.524599
0.523478
0.522360
0.521246
0.520136
0.519028
0.517925
0.516825
0.515728
0.514635
0.513545
0.512459
0.511377
0.510298
0.509222
0.508150
0.507082
0.506017
0.504956
0.503898
0.502844
0.501793
0.500746
0.499702
0.498662
0.497625
0.496592
0.495563
0.494537
0.493515
0.492496
0.491481
0.490469
0.489461
0.488456
0.487455
0.486457
0.485463
0.484472
0.483485
0.482501
0.481521
0.480544
0.479571
0.478601
0.477635
0.476672
0.475713
0.474757
0.473804
0.472855
0.471910
0.470967
0.470028
0.469093
0.468161
0.467232
0.466307
0.465385
0.464466
0.463550
0.462638
0.461729
0.460824
0.459922
0.459023
0.458127
0.457235
0.456345
0.455459
0.454577
0.453697
0.452821
0.451947
0.451077
0.450210
0.449346
0.448486
0.447628
0.446773
0.445922
0.445073
0.444228
0.443386
0.442546
0.441710
0.440877
0.440046
0.439219
0.438394
0.437573
0.436754
0.435938
0.435125
0.434315
0.433508
0.432703
0.431902
0.431103
0.430307
0.429514
0.428723
0.427935
0.427150
0.426368
0.425588
0.424811
0.424036
0.423264
0.422495
0.421729
0.420964
0.420203
0.419444
0.418687
0.417933
0.417182
0.416433
0.415686
0.414942
0.414200
0.413461
0.412724
0.411989
0.411256
0.410526
0.409799
0.409073
0.408350
0.407629
0.406910
0.406193
0.405479
0.404767
0.404057
0.403349
0.402643
0.401939
0.401237
0.400537
0.399840
0.399144
0.398450
0.397759
0.397069
0.396381
0.395695
0.395011
0.394329
0.393648
0.392970
0.392293
0.391618
0.390945
0.390273
0.389603
0.388935
0.388269
0.387604
0.386941
0.386280
0.385620
0.384961
0.384305
0.383649
0.382996
0.382343
0.381693
0.381043
0.380395
0.379749
0.379104
0.378460
0.377817
0.377176
0.376536
0.375898
0.375260
0.374624
0.373989
0.373356
0.372723
0.372092
0.371461
0.370832
0.370204
0.369577
0.368951
0.368325
0.367701
0.367078
0.366456
0.365834
0.365214
0.364594
0.363975
0.363357
0.362740
0.362124
0.361508
0.360893
0.360278
0.359665
0.359052
0.358439
0.357827
0.357216
0.356605
0.355995
0.355385
0.354776
0.354167
0.353558
0.352950
0.352342
0.351735
0.351128
0.350521
0.349914
0.349308
0.348702
0.348096
0.347490
0.346884
0.346278
0.345673
0.345067
0.344462
0.343856
0.343250
0.342645
0.342039
0.341433
0.340827
0.340221
0.339614
0.339007
0.338400
0.337793
0.337185
0.336577
0.335969
0.335360
0.334751
0.334141
0.333531
0.332920
0.332309
0.331697
0.331084
0.330471
0.329857
0.329242
0.328627
0.328011
0.327394
0.326776
0.326157
0.325538
0.324917
0.324296
0.323674
0.323050
0.322426
0.321800
0.321173
0.320546
0.319917
0.319287
0.318655
0.318023
0.317389
0.316753
0.316117
0.315479
0.314840
0.314199
0.313556
0.312913
0.312267
0.311621
0.310972
0.310322
0.309670
0.309017
0.308362
0.307705
0.307047
0.306386
0.305724
1.302392
1.285596
1.269734
1.254775
1.240686
1.227428
1.214961
1.203244
1.192236
1.181896
1.172185
1.163063
1.154495
1.146446
1.138881
1.131769
1.125082
1.118789
1.112867
1.107289
1.102034
1.097080
1.092406
1.087996
1.083830
1.079894
1.076173
1.072652
1.069319
1.066161
1.063169
1.060331
1.057638
1.055081
1.052651
1.050342
1.048145
1.046054
1.044063
1.042166
1.040357
1.038632
1.036985
1.035413
1.033911
1.032475
1.031102
1.029788
1.028530
1.027325
1.026170
1.025063
1.024001
1.022983
1.022004
1.021065
1.020162
1.019293
1.018458
1.017655
1.016882
1.016137
1.015419
1.014727
1.014060
1.013417
1.012796
1.012196
1.011617
1.011058
1.010517
1.009994
1.009488
1.008998
1.008524
1.008065
1.007620
1.007189
1.006770
1.031393
1.029638
1.028053
1.026623
1.025332
1.024168
1.023119
1.022172
1.021319
1.020549
1.019856
1.019231
1.018667
1.018159
1.017701
1.017288
1.016915
1.016579
1.016276
1.016003
1.015756
1.015533
1.015332
1.015150
1.014986
1.014837
1.014703
1.014581
1.014471
1.014371
1.014280
1.014198
1.014123
1.014055
1.013993
1.013937
1.013885
1.013838
1.013795
1.013755
1.013719
1.013685
1.013655
1.013626
1.013600
1.013575
1.013553
1.013532
1.013512
1.013493
1.013476
1.013460
1.013444
1.013430
1.013416
1.013403
1.013390
1.013378
1.013367
1.013356
1.013345
1.013335
1.013325
1.013316
1.013306
1.013297
1.013288
1.013280
1.013271
1.013263
1.013255
1.013247
1.013239
1.013231
1.013224
1.013216
1.013209
1.013201
1.013194
1.013187
1.013179
1.013172
1.013165
1.013158
1.013151
1.013144
1.013137
1.013131
1.013124
1.013117
1.013110
1.013104
1.013097
1.013090
1.013084
1.013077
1.013070
1.013064
1.013057
1.013051
1.013044
1.013038
1.013031
1.013025
1.013018
1.013012
1.013006
1.012999
1.012993
1.012987
1.012980
1.012974
1.012968
1.012961
1.012955
1.012949
1.012942
1.012936
1.012930
1.012924
1.012918
1.012911
1.012905
1.012899
1.012893
1.012887
1.012881
1.012874
1.012868
1.012862
1.012856
1.012850
1.012844
1.012838
1.012832
1.012826
1.012820
1.012814
1.012808
1.012802
1.012796
1.012790
1.012784
1.012778
1.012772
1.012766
1.012760
1.012754
1.012748
1.012742
1.012737
1.012731
1.012725
1.012719
1.012713
1.012707
1.012701
1.012696
1.012690
1.012684
1.012678
1.012672
1.012667
1.012661
1.012655
1.012649
1.012643
1.012638
1.012632
1.012626
1.012621
1.012615
1.012609
1.012603
1.012598
1.012592
1.012586
1.012581
1.012575
1.012569
1.012564
1.012558
1.012552
1.012547
1.012541
1.012536
1.012530
1.012524
1.012519
1.012513
1.012508
1.012502
1.012497
1.012491
1.012485
1.012480
1.012474
1.012469
1.012463
1.012458
1.012452
1.012447
1.012441
1.012436
1.012430
1.012425
1.012419
1.012414
1.012408
1.012403
1.012397
1.012392
1.012387
1.012381
1.012376
1.012370
1.012365
1.012359
1.012354
1.012349
1.012343
1.012338
1.012332
1.012327
1.012322
1.012316
1.012311
1.012306
1.012300
1.012295
1.012290
1.012284
1.012279
1.012274
1.012268
1.012263
1.012258
1.012252
1.012247
1.012242
1.012236
1.012231
1.012226
1.012220
1.012215
1.012210
1.012205
1.012199
1.012194
1.012189
1.012184
1.012178
1.012173
1.012168
1.012163
1.012157
1.012152
1.012147
1.012142
1.012136
1.012131
1.012126
1.012121
1.012115
1.012110
1.012105
1.012100
1.012095
1.012090
1.012084
1.012079
1.012074
1.012069
1.012064
1.012058
1.012053
1.012048
1.012043
1.012038
1.290784
1.276453
1.262725
1.249591
1.237043
1.225068
1.213652
1.202778
1.192431
1.182592
1.173244
1.164367
1.155943
1.147953
1.140377
1.133197
1.126396
1.119954
1.113855
1.108082
1.102618
1.097448
1.092556
1.087929
1.083552
1.079412
1.075496
1.071792
1.068290
1.064977
1.061844
1.058881
1.056079
1.053428
1.050921
1.048550
1.046306
1.044184
1.042177
1.040277
1.038480
1.036779
1.035170
1.033647
1.032206
1.030842
1.029551
1.028328
1.027171
1.026076
1.025039
1.024057
1.023127
1.022246
1.021412
1.020622
1.019874
1.019166
1.018494
1.017859
1.017256
1.016685
1.016144
1.015632
1.015146
1.014686
1.014250
1.013836
1.013444
1.013073
1.012721
1.012387
1.012070
1.011770
1.011486
1.011216
1.010960
1.010717
1.010487
1.010269
1.010062
1.009865
1.009679
1.009502
1.009334
1.009175
1.009023
1.008880
1.008744
1.008614
1.008492
1.008375
1.008264
1.008159
1.008059
1.007964
1.007874
1.007789
1.007707
1.007630
1.007556
1.007486
1.007420
1.007356
1.007296
1.007239
1.007185
1.007133
1.007083
1.007036
1.006991
1.006949
1.006908
1.006869
1.006832
1.006797
1.006764
1.006731
1.006701
1.006672
1.006644
1.006617
1.006591
1.006567
1.006544
1.006521
1.006500
1.006479
1.006460
1.006441
1.006423
1.006405
1.006389
1.006373
1.006357
1.006342
1.006328
1.006314
1.006301
1.006288
1.006276
1.006264
1.006252
1.006241
1.006230
1.006220
1.006210
1.006200
1.006190
1.006181
1.052771
1.049170
1.045875
1.042861
1.040103
1.037579
1.035270
1.033157
1.031223
1.029453
1.027832
1.026349
1.024990
1.023746
1.022606
1.021562
1.020605
1.019727
1.018923
1.018185
1.017507
1.016886
1.016315
1.015791
1.015309
1.014867
1.014459
1.014085
1.013740
1.013422
1.013129
1.012859
1.012609
1.012379
1.012166
1.011969
1.011786
1.011617
1.011459
1.011313
1.011177
1.011051
1.010932
1.010822
1.010718
1.010621
1.010530
1.010445
1.010364
1.010287
1.010215
1.010146
1.010081
1.010019
1.009959
1.009902
1.009847
1.009794
1.009744
1.009694
1.009647
1.009600
1.009555
1.009511
1.009467
1.009425
1.009383
1.009342
1.009302
1.009261
1.009222
1.009182
1.009143
1.009104
1.009065
1.009026
1.008988
1.008949
1.008910
1.008871
1.008832
1.008793
1.008753
1.008714
1.008674
1.008634
1.008593
1.008552
1.008511
1.008470
1.008428
1.008385
1.008343
1.008299
1.008256
1.008212
1.008167
1.008122
1.008077
1.008030
1.007984
1.007937
1.007889
1.007841
1.007792
1.007742
1.007692
1.007641
1.007590
1.007538
1.007486
1.007432
1.007379
1.007324
1.007269
1.007213
1.007156
1.007099
1.007041
1.006982
1.006923
1.006863
1.006802
1.006740
1.006678
1.006615
1.006551
1.006486
1.006421
1.006355
1.006288
1.006220
1.006151
1.006082
1.006012
1.005941
1.005869
1.005797
1.005723
1.005649
1.005574
1.005498
1.005421
1.005344
1.005265
1.005186
1.005106
1.005025
1.004943
1.004861
1.004777
1.004693
1.004608
1.004521
1.004435
1.004347
1.004258
1.004168
1.004078
1.003987
1.003895
1.003801
1.003708
1.003613
1.003517
1.003421
1.003323
1.003225
1.003126
1.003026
1.002925
1.002823
1.002721
1.002617
1.002513
1.002408
1.002302
1.002195
1.002088
1.001979
1.001870
1.001760
1.001649
1.001537
1.001424
1.001311
1.001196
1.001081
1.000965
1.000848
1.000731
1.000612
1.000493
1.000373
1.000253
1.000131
1.000009
0.999886
0.999762
0.999637
0.999512
0.999386
0.999259
0.999131
0.999003
0.998874
0.998744
0.998613
0.998482
0.998350
0.998217
0.998083
0.997949
0.997814
0.997679
0.997542
0.997405
0.997268
49.999451
45.282988
39.497478
43.117363
50.565603
53.292942
50.775659
48.213248
49.881904
49.816372
46.416616
46.153400
46.478746
53.084228
53.545921
53.146657
53.059852
52.976401
51.067536
50.425509
48.157871
