0.738221
0.537342
0.429500
0.350216
0.290212
0.247656
0.214487
0.186790
0.164111
0.145712
0.130844
0.117245
0.104949
0.092455
0.083231
0.075175
0.068681
0.063371
0.058675
0.054565
0.050915
0.047465
0.044222
0.041264
0.038646
0.036380
0.034186
0.032107
0.030301
0.028695
0.027286
0.025990
0.024823
0.023730
0.022730
0.021768
0.020905
0.020139
0.019487
0.018869
0.018305
0.017767
0.017274
0.016806
0.016373
0.015956
0.015562
0.015177
0.014806
0.014437
0.014080
0.013735
0.013418
0.013108
0.012835
0.012555
0.012322
0.012063
0.011866
0.011615
0.011453
0.011200
0.011069
0.010815
0.010702
0.010462
0.010350
0.010132
0.010018
0.009820
0.009708
0.009525
0.009419
0.009246
0.009148
0.008982
0.008892
0.008729
0.008646
0.008482
0.008408
0.008247
0.008189
0.008031
0.007987
0.007827
0.007795
0.007630
0.007609
0.007439
0.007428
0.007251
0.007248
0.007066
0.007064
0.006890
0.006889
0.006735
0.006743
0.006594
