0.858554
0.554332
0.431927
0.353451
0.289785
0.240727
0.202131
0.166673
0.143453
0.126194
0.112018
0.098743
0.087465
0.078847
0.071804
0.066084
0.060597
0.055252
0.051260
0.047285
0.044061
0.041486
0.039347
0.037513
0.036014
0.034736
0.033563
0.032455
0.031422
0.030459
0.029563
0.028940
0.027117
0.026232
0.025388
0.024579
0.023773
0.023073
0.022456
0.021843
0.021097
0.020310
0.019824
0.019392
0.019001
0.018570
0.018129
0.017657
0.017111
0.016601
0.016238
0.015910
0.015601
0.015302
0.015010
0.014721
0.014431
0.014125
0.013800
0.013520
0.013256
0.013012
0.012771
0.012525
0.012273
0.012013
0.011753
0.011507
0.011298
0.011112
0.010933
0.010754
0.010577
0.010406
0.010242
0.010082
0.009924
0.009768
0.009611
0.009454
0.009295
0.009132
0.008964
0.008807
0.008662
0.008533
0.008413
0.008301
0.008191
0.008082
0.007972
0.007863
0.007754
0.007647
0.007539
0.007428
0.007314
0.007196
0.007060
0.006871
0.006603
0.006472
0.006373
0.006282
0.006195
0.006111
0.006030
0.005951
0.005874
0.005800
0.005728
0.005658
0.005589
0.005523
0.005458
0.005394
0.005332
0.005270
0.005209
0.005148
0.005087
0.005025
0.004961
0.004897
0.004832
0.004766
0.004697
0.004623
0.004552
0.004489
0.004431
0.004377
0.004323
0.004271
0.004221
0.004173
0.004128
0.004086
0.004046
0.004008
0.003970
0.003934
0.003899
0.003864
0.003830
0.003797
0.003765
0.003733
0.003701
0.003670
0.003640
0.003610
0.003580
0.003550
0.003521
0.003493
0.003464
0.003436
0.003408
0.003380
0.003353
0.003326
0.003299
0.003273
0.003248
0.003222
0.003197
0.003173
0.003148
0.003125
0.003102
0.003079
0.003057
0.003036
0.003015
0.002995
0.002975
0.002955
0.002936
0.002917
0.002898
0.002880
0.002862
0.002844
0.002827
0.002809
0.002792
0.002776
0.002759
0.002743
0.002727
0.002711
0.002695
0.002680
0.002664
0.002649
0.002634
0.002620
0.002605
0.002591